PVTO
31.8	 34.80380085    1.198	   2.05E+00
34.66	 41.0114103	    1.2	       1.99E+00
38.02	 48.248718	    1.21	   1.91E+00
42.83	 58.59473375    1.23	   1.81E+00
46.85	 67.2147791	    1.24	   1.73E+00
52.51	 79.28676525    1.25	   1.62E+00
58.51	 92.0452169	    1.27	   1.52E+00
64.06	 103.7641637    1.28	   1.43E+00
71.6	 119.6215167    1.3	       1.32E+00
77.2	 131.3502701    1.32	   1.25E+00
83.83	 145.13842	    1.33	   1.17E+00
92.49	 163.0747829    1.35	   1.09E+00
105.42	 189.6213844    1.39	   1.00E+00
115.01	 209.1366179    1.41	   9.60E-01
117.64	 215.1382877    1.42	   9.40E-01
122.19	 225.0626175    1.43	   9.10E-01
130.84	 243.20492	    1.45	   8.50E-01
147.22	 277.5478083    1.5	       7.50E-01
163.08	 310.7825452    1.54	   6.50E-01
179.79	 345.811899	    1.58	   5.40E-01
183.24	 353.0394	    1.59	   5.20E-01
183.24	 800.0000       1.58       5.22E-01
/

PVDG
34.80380085	0.0346	0.01
41.0114103	0.0291	0.01
48.248718	0.0245	0.01
58.59473375	0.0199	0.01
67.2147791	0.0172	0.01
79.28676525	0.0144	0.01
92.0452169	0.0123	0.01
103.7641637	0.0108	0.01
119.6215167	0.0093	0.02
131.3502701	0.0084	0.02
145.13842	0.0076	0.02
163.0747829	0.0067	0.02
189.6213844	0.0058	0.02
209.1366179	0.0053	0.02
215.1382877	0.0051	0.02
225.0626175	0.0049	0.02
243.20492	0.0045	0.02
277.5478083	0.004	0.02
310.7825452	0.0035	0.03
345.811899	0.0032	0.03
353.0394	0.0031	0.03
/

PVTW
248.2	1.0210	4.8579E-005		0.3		0
/

DENSITY
866       1010.3      0.910539
/

ROCK
248.2 1.45E-5
/

SWOF
0.17	0		0.58	0.000
0.2		0		0.51	0.000
0.25	0		0.41	0.000
0.3		0		0.32	0.000
0.35	0		0.24	0.000
0.4		0.01	0.18	0.000
0.45	0.02	0.13	0.000
0.5		0.04	0.09	0.000
0.55	0.06	0.05	0.000
0.6		0.1		0.03	0.000
0.65	0.15	0.02	0.000
0.7		0.21	0.01	0.000
0.75	0.28	0.00	0.000
0.79	0.36	0.00	0.000
0.82	0.42	0.00	0.000
1.00	0.42	0.00	0.000
/

SGOF
  0.0     0.000      0.58	0.000
0.180     0.002     0.387	0.000
0.200     0.003     0.309	0.000
0.250     0.006     0.203	0.000
0.300     0.010     0.143	0.000
0.350     0.017     0.102	0.000
0.400     0.026     0.072	0.000
0.450     0.037     0.050	0.000
0.500     0.052     0.034	0.000
0.550     0.070     0.021	0.000
0.600     0.093     0.014	0.000
0.650     0.119     0.006	0.000
0.700     0.150     0.000	0.000
 /

SCOND
1 290 /